# steps=50 warm=3 symmode=no_domain_decomposition
model          atoms    ms_per_step   atom-steps/s               poteng
ace69_f64      64            0.8984      7.124e+04       -106.344093752
ace69_f32      64            0.5492      1.165e+05       -106.344078064
ace710_f64     64            2.5019      2.558e+04                     
ace710_f32     64            1.4299      4.476e+04                     
ace2849_f64    64            9.1333           7007       -219219.752442
ace2849_f32    64            6.9910           9155         -219219.6875
mp0sml_jax32   64            3.4264      1.868e+04       -342.901062012
m0b2sml_jax32  64            3.9275       1.63e+04       -344.475036621
m0b3med_jax32  64            7.8236           8180       -343.426879883
m0b2sml_sym64  64            4.7683      1.342e+04       -344.475024588
m0b2sml_sym32  64            4.3767      1.462e+04       -344.475018846
m0b3med_sym64  64           12.3213           5194       -343.426887213
m0b3med_sym32  64           11.3736           5627        -343.42688324
ace69_f64      216           3.9822      5.424e+04       -358.884244998
ace69_f32      216           0.6736      3.207e+05       -358.884216309
ace710_f64     216           9.5190      2.269e+04                     
ace710_f32     216           2.7871       7.75e+04                     
ace2849_f64    216          22.4208           9634       -730041.497197
ace2849_f32    216          13.6140      1.587e+04          -730041.375
mp0sml_jax32   216           7.5077      2.877e+04       -1157.37817383
m0b2sml_jax32  216           7.1807      3.008e+04       -1162.68237305
m0b3med_jax32  216          17.1984      1.256e+04       -1159.10766602
m0b2sml_sym64  216           7.7983       2.77e+04        -1162.6822982
m0b2sml_sym32  216           6.5930      3.276e+04       -1162.68231078
m0b3med_sym64  216          25.0192           8633       -1159.10776825
m0b3med_sym32  216          21.3046      1.014e+04       -1159.10773566
ace69_f64      512           2.4875      2.058e+05       -855.520326172
ace69_f32      512           1.0580      4.839e+05       -855.520324707
ace710_f64     512           8.2953      6.172e+04                     
ace710_f32     512           4.9745      1.029e+05                     
ace2849_f64    512          32.1020      1.595e+04       -1726119.88629
ace2849_f32    512          23.1814      2.209e+04         -1726119.625
mp0sml_jax32   512          14.0141      3.653e+04        -2743.3203125
m0b2sml_jax32  512          12.7819      4.006e+04       -2755.79638672
m0b3med_jax32  512          35.3626      1.448e+04       -2747.38769531
m0b2sml_sym64  512          15.7551       3.25e+04        -2755.7958398
m0b2sml_sym32  512          13.4109      3.818e+04       -2755.79585168
m0b3med_sym64  512          58.0730           8816       -2747.38769564
m0b3med_sym32  512          48.3558      1.059e+04       -2747.38766076
ace69_f64      1000          3.9011      2.563e+05       -1671.35351877
ace69_f32      1000          1.8283       5.47e+05       -1671.35339355
ace710_f64     1000         15.7462      6.351e+04                     
ace710_f32     1000          9.4210      1.061e+05                     
ace2849_f64    1000         63.7622      1.568e+04       -3377794.60277
ace2849_f32    1000         41.6904      2.399e+04             -3377794
mp0sml_jax32   1000         28.9620      3.453e+04       -5358.14648438
m0b2sml_jax32  1000         21.3744      4.678e+04       -5382.59814453
m0b3med_jax32  1000         64.3886      1.553e+04       -5366.10986328
m0b2sml_sym64  1000         27.8636      3.589e+04       -5382.59736461
m0b2sml_sym32  1000         22.9144      4.364e+04       -5382.59742589
m0b3med_sym64  1000        108.3372           9230       -5366.11014877
m0b3med_sym32  1000         88.4048      1.131e+04       -5366.11009379
ace69_f64      1728          5.4210      3.188e+05       -2889.20989516
ace69_f32      1728          2.8051       6.16e+05        -2889.2097168
ace710_f64     1728         26.7654      6.456e+04                     
ace710_f32     1728         14.7704       1.17e+05                     
ace2849_f64    1728        135.6218      1.274e+04       -5820772.58322
ace2849_f32    1728         77.1522       2.24e+04             -5820772
mp0sml_jax32   1728         46.0192      3.755e+04       -9258.67285156
m0b2sml_jax32  1728         36.5044      4.734e+04       -9300.74609375
m0b3med_jax32  1728        106.5862      1.621e+04       -9272.35351562
m0b2sml_sym64  1728         46.7172      3.699e+04       -9300.74523686
m0b2sml_sym32  1728         37.8816      4.562e+04        -9300.7452116
m0b3med_sym64  1728        185.8838           9296       -9272.35400454
m0b3med_sym32  1728        152.5866      1.132e+04       -9272.35390564
SWEEPDONE
